0.5 0.00039426167094010200476
0.52499997615814208984 0.00036485454330430992093
0.55000001192092895508 0.00037077114311781446572
0.57499998807907104492 0.0001302674517313405847
0.60000002384185791016 0.00054469005545927347625
0.625 0.00062384952171706483694
0.64999997615814208984 0.00049041466641429874197
0.67500001192092895508 0.00057427944166012581152
0.69999998807907104492 0.00023568100593123245644
0.72500002384185791016 0.00053497796816568744284
0.75 0.0010026588212344780121
0.77499997615814208984 0.00095461021235062281341
0.80000001192092895508 0.001132728239568118328
0.82499998807907104492 0.0011292576825684998154
0.85000002384185791016 0.00032885555218068753501
0.875 0.00070341780674802430531
0.89999997615814208984 0.0013967154341772592286
0.92500001192092895508 0.001670922369525297763
0.94999998807907104492 0.0016290052768013871427
0.97500002384185791016 0.0016083326015700347492
