256 0.045778813655200092762
512 0.17259809621570480938
1024 0.027931039676575931518
2047 0.0047362447305102082281
4096 0.085558743190509914302
8192 0.061294446974116658473
16384 0.011897668742100776578
32768 0.017939958129101747728
65536 0.010604497830751067819
131072 0.0086375857892874851208
262144 0.0060192029951802851571
524288 0.0027565548342055922262
1048576 0.00086577254653123292619
2097151 0.00073152597113317475823
4194304 0.0021587302534050094131
8388608 0.00082808298574288201864
16777216 0.00024343262360648786936
33554432 0.00018250884342857899394
67108864 0.00017487345934048977546
134217728 0.00010634186896570194288
