Сумма всех взаимных долгов: 4596

Кососиметрическая матрица:
Предприятие 1: [0]
Предприятие 2: [34  0]
Предприятие 3: [-14  34   0]
Предприятие 4: [43  3 29  0]
Предприятие 5: [-2 17 14 22  0]
Предприятие 6: [ -8  10  34   8 -16   0]
Предприятие 7: [ 44 -11  -1 -38   4 -10   0]
Предприятие 8: [29 19  5 27 -2 28 -3  0]
Предприятие 9: [-35 -34 -20   0 -15  -2 -31  33   0]
Предприятие 10: [-27 -15  41  24  25  16  30 -10  -1   0]
Предприятие 11: [ 19  37 -50 -26  38 -28 -18 -44  10 -17   0]
Предприятие 12: [ -5 -16 -22  41  32 -49  45  47  37  31 -41   0]
Предприятие 13: [ 32   5  -1  -8  33 -27  -6  22  32  -1 -43  -2   0]
Предприятие 14: [ -6  -6 -45   9   1  26  42  -3  10 -48 -22  12 -41   0]
Предприятие 15: [ 30  24 -38 -24 -26   2   8  10 -12  25   0 -10  42  43   0]

Сумма всех взаимных долгов после взаимозачета: 894.74404
Кососиметрическая матрица после взаимозачета:
Предприятие 1: [0.]
Предприятие 2: [0. 0.]
Предприятие 3: [-7.24 -5.46  0.  ]
Предприятие 4: [0.   0.   5.95 0.  ]
Предприятие 5: [0.   0.   6.76 0.   0.  ]
Предприятие 6: [-3.41 -2.57  0.   -2.8  -3.18  0.  ]
Предприятие 7: [0.   0.   2.97 0.   0.   1.4  0.  ]
Предприятие 8: [0.   0.   8.54 0.   0.   4.02 0.   0.  ]
Предприятие 9: [-5.97 -4.5   0.   -4.9  -5.56  0.   -2.45 -7.03  0.  ]
Предприятие 10: [0.   0.   3.95 0.   0.   1.86 0.   0.   3.25 0.  ]
Предприятие 11: [-39.41 -29.71   0.   -32.35 -36.76   0.   -16.18 -46.47   0.   -21.47   0.  ]
Предприятие 12: [ 0.    0.    5.41  0.    0.    2.54  0.    0.    4.45  0.   29.41  0.  ]
Предприятие 13: [ 0.    0.    2.    0.    0.    0.94  0.    0.    1.65  0.   10.88  0.    0.  ]
Предприятие 14: [-5.97 -4.5   0.   -4.9  -5.56  0.   -2.45 -7.03  0.   -3.25  0.   -4.45 -1.65  0.  ]
Предприятие 15: [ 0.    0.    4.    0.    0.    1.88  0.    0.    3.29  0.   21.76  0.    0.    3.29  0.  ]
